100
-211091397 41305319
-24278481 -750201852
644235019 875188411
-863599727 567395648
-163386229 -354897837
-177224792 -700668084
-409883131 93737767
-621841119 -950165500
8443417 769218381
-860094094 603843208
-918191259 701609845
530765020 218208011
-874001107 641173682
-842299840 -702817971
-575503140 -661706125
-666160855 -318531326
-204112769 -773803859
-876439228 285351567
-864785556 674059475
-467805161 429193942
-102930202 -262824039
917935799 858203871
723163509 935945735
306275524 5924560
273368330 318277776
-67001132 203308099
703437450 492996268
812362020 -315365127
843811992 296703167
47241088 62730484
-348498988 924065141
-99174806 957842048
-693128314 -964764389
546628998 553627893
-887336276 929998606
-110208281 875991176
-68278050 -831811678
505113843 712093622
-577887803 229610927
-965033200 825710102
-972489737 881093768
-382843228 -600184537
-202374266 891691684
-121259052 377632953
942556417 -622605307
881870589 567705079
-167874732 -977289028
-675801115 -42524133
-749703677 -77612739
-757026340 -656657656
734685856 895812831
882374895 546429384
-838736701 780625380
625455020 -398914979
593190665 -694577983
922066191 -574506249
-67714712 -893748955
14353534 107550022
-332736230 727683406
-629666092 -820557389
627077508 732372328
-690809031 552817124
-369085766 403939926
-36430169 686558254
39393434 -326339498
-362331450 -741280341
-303533951 55562086
403217151 395668801
787819624 -650282593
912635854 975354622
510211795 -878345354
100353887 -21035688
909816330 929313954
-667655205 -632484399
-201958763 442663226
838411751 -849360176
986222515 -731923447
-334967463 -374661368
-393885162 -188860658
301167167 -421997589
-702443991 -993241303
-430644551 926512753
-876763056 -766787721
-334819850 747548440
-96267099 318402395
-636793884 295165065
-669842816 -206295401
683992212 -804662085
20157032 -879803546
-917091686 -850578690
-22555035 243906391
-965999160 997455628
444569067 -361351159
85097770 -598632261
833244284 861315332
-799126263 697302663
598075631 -144830860
-176341512 -366594311
888637493 45113726
-61453991 -890326018